algorithm;repetition;query_selectivity;query_number;column_size;column_pattern;number_of_columns;index_creation;index_lookup;scan_time;join_time;total_time
fs;7;0.2;0;10000000;1;16;0;0;0;0;0.0337815
fs;7;0.2;1;10000000;1;16;0;0;0;0;0.0327809
fs;7;0.2;2;10000000;1;16;0;0;0;0;0.0328802
fs;7;0.2;3;10000000;1;16;0;0;0;0;0.0327599
fs;7;0.2;4;10000000;1;16;0;0;0;0;0.0328247
fs;7;0.2;5;10000000;1;16;0;0;0;0;0.0328228
fs;7;0.2;6;10000000;1;16;0;0;0;0;0.0328177
fs;7;0.2;7;10000000;1;16;0;0;0;0;0.0327481
fs;7;0.2;8;10000000;1;16;0;0;0;0;0.0327515
fs;7;0.2;9;10000000;1;16;0;0;0;0;0.0326997
fs;7;0.2;10;10000000;1;16;0;0;0;0;0.0327993
fs;7;0.2;11;10000000;1;16;0;0;0;0;0.0327934
fs;7;0.2;12;10000000;1;16;0;0;0;0;0.0327522
fs;7;0.2;13;10000000;1;16;0;0;0;0;0.0327095
fs;7;0.2;14;10000000;1;16;0;0;0;0;0.03274
fs;7;0.2;15;10000000;1;16;0;0;0;0;0.032767
fs;7;0.2;16;10000000;1;16;0;0;0;0;0.0328034
fs;7;0.2;17;10000000;1;16;0;0;0;0;0.0327974
fs;7;0.2;18;10000000;1;16;0;0;0;0;0.0328085
fs;7;0.2;19;10000000;1;16;0;0;0;0;0.0328663
fs;7;0.2;20;10000000;1;16;0;0;0;0;0.0328313
fs;7;0.2;21;10000000;1;16;0;0;0;0;0.0327978
fs;7;0.2;22;10000000;1;16;0;0;0;0;0.0328504
fs;7;0.2;23;10000000;1;16;0;0;0;0;0.0327619
fs;7;0.2;24;10000000;1;16;0;0;0;0;0.032794
fs;7;0.2;25;10000000;1;16;0;0;0;0;0.0328256
fs;7;0.2;26;10000000;1;16;0;0;0;0;0.0327853
fs;7;0.2;27;10000000;1;16;0;0;0;0;0.0327408
fs;7;0.2;28;10000000;1;16;0;0;0;0;0.0327913
fs;7;0.2;29;10000000;1;16;0;0;0;0;0.0327745
fs;7;0.2;30;10000000;1;16;0;0;0;0;0.0327291
fs;7;0.2;31;10000000;1;16;0;0;0;0;0.0327753
fs;7;0.2;32;10000000;1;16;0;0;0;0;0.0327781
fs;7;0.2;33;10000000;1;16;0;0;0;0;0.0327407
fs;7;0.2;34;10000000;1;16;0;0;0;0;0.0328227
fs;7;0.2;35;10000000;1;16;0;0;0;0;0.032796
fs;7;0.2;36;10000000;1;16;0;0;0;0;0.0328187
fs;7;0.2;37;10000000;1;16;0;0;0;0;0.032788
fs;7;0.2;38;10000000;1;16;0;0;0;0;0.0378495
fs;7;0.2;39;10000000;1;16;0;0;0;0;0.0326308
fs;7;0.2;40;10000000;1;16;0;0;0;0;0.0326585
fs;7;0.2;41;10000000;1;16;0;0;0;0;0.0326123
fs;7;0.2;42;10000000;1;16;0;0;0;0;0.0326444
fs;7;0.2;43;10000000;1;16;0;0;0;0;0.0326102
fs;7;0.2;44;10000000;1;16;0;0;0;0;0.0326019
fs;7;0.2;45;10000000;1;16;0;0;0;0;0.0327457
fs;7;0.2;46;10000000;1;16;0;0;0;0;0.0326522
fs;7;0.2;47;10000000;1;16;0;0;0;0;0.0326508
fs;7;0.2;48;10000000;1;16;0;0;0;0;0.0326303
fs;7;0.2;49;10000000;1;16;0;0;0;0;0.0326626
fs;7;0.2;50;10000000;1;16;0;0;0;0;0.0325877
fs;7;0.2;51;10000000;1;16;0;0;0;0;0.0326382
fs;7;0.2;52;10000000;1;16;0;0;0;0;0.0326789
fs;7;0.2;53;10000000;1;16;0;0;0;0;0.0326006
fs;7;0.2;54;10000000;1;16;0;0;0;0;0.0326006
fs;7;0.2;55;10000000;1;16;0;0;0;0;0.0378501
fs;7;0.2;56;10000000;1;16;0;0;0;0;0.0538467
fs;7;0.2;57;10000000;1;16;0;0;0;0;0.0503757
fs;7;0.2;58;10000000;1;16;0;0;0;0;0.0547568
fs;7;0.2;59;10000000;1;16;0;0;0;0;0.056605
fs;7;0.2;60;10000000;1;16;0;0;0;0;0.0549141
fs;7;0.2;61;10000000;1;16;0;0;0;0;0.0551338
fs;7;0.2;62;10000000;1;16;0;0;0;0;0.0551064
fs;7;0.2;63;10000000;1;16;0;0;0;0;0.0549491
fs;7;0.2;64;10000000;1;16;0;0;0;0;0.0553589
fs;7;0.2;65;10000000;1;16;0;0;0;0;0.0551237
fs;7;0.2;66;10000000;1;16;0;0;0;0;0.0549995
fs;7;0.2;67;10000000;1;16;0;0;0;0;0.055026
fs;7;0.2;68;10000000;1;16;0;0;0;0;0.0548865
fs;7;0.2;69;10000000;1;16;0;0;0;0;0.0550684
fs;7;0.2;70;10000000;1;16;0;0;0;0;0.0550063
fs;7;0.2;71;10000000;1;16;0;0;0;0;0.055015
fs;7;0.2;72;10000000;1;16;0;0;0;0;0.0550288
fs;7;0.2;73;10000000;1;16;0;0;0;0;0.056723
fs;7;0.2;74;10000000;1;16;0;0;0;0;0.0550978
fs;7;0.2;75;10000000;1;16;0;0;0;0;0.0548781
fs;7;0.2;76;10000000;1;16;0;0;0;0;0.0550263
fs;7;0.2;77;10000000;1;16;0;0;0;0;0.0570018
fs;7;0.2;78;10000000;1;16;0;0;0;0;0.0553256
fs;7;0.2;79;10000000;1;16;0;0;0;0;0.0551414
fs;7;0.2;80;10000000;1;16;0;0;0;0;0.0551358
fs;7;0.2;81;10000000;1;16;0;0;0;0;0.0610577
fs;7;0.2;82;10000000;1;16;0;0;0;0;0.0635731
fs;7;0.2;83;10000000;1;16;0;0;0;0;0.0627952
fs;7;0.2;84;10000000;1;16;0;0;0;0;0.0621817
fs;7;0.2;85;10000000;1;16;0;0;0;0;0.0907934
fs;7;0.2;86;10000000;1;16;0;0;0;0;0.161366
fs;7;0.2;87;10000000;1;16;0;0;0;0;0.0776136
fs;7;0.2;88;10000000;1;16;0;0;0;0;0.117723
fs;7;0.2;89;10000000;1;16;0;0;0;0;0.15295
fs;7;0.2;90;10000000;1;16;0;0;0;0;0.0409083
fs;7;0.2;91;10000000;1;16;0;0;0;0;0.04317
fs;7;0.2;92;10000000;1;16;0;0;0;0;0.0379449
fs;7;0.2;93;10000000;1;16;0;0;0;0;0.0399617
fs;7;0.2;94;10000000;1;16;0;0;0;0;0.0389655
fs;7;0.2;95;10000000;1;16;0;0;0;0;0.037848
fs;7;0.2;96;10000000;1;16;0;0;0;0;0.0361835
fs;7;0.2;97;10000000;1;16;0;0;0;0;0.0325778
fs;7;0.2;98;10000000;1;16;0;0;0;0;0.0444156
fs;7;0.2;99;10000000;1;16;0;0;0;0;0.0386314
fs;7;0.2;100;10000000;1;16;0;0;0;0;0.0338134
fs;7;0.2;101;10000000;1;16;0;0;0;0;0.0338126
fs;7;0.2;102;10000000;1;16;0;0;0;0;0.0370054
fs;7;0.2;103;10000000;1;16;0;0;0;0;0.0346403
fs;7;0.2;104;10000000;1;16;0;0;0;0;0.0335361
fs;7;0.2;105;10000000;1;16;0;0;0;0;0.0354244
fs;7;0.2;106;10000000;1;16;0;0;0;0;0.0350062
fs;7;0.2;107;10000000;1;16;0;0;0;0;0.0336193
fs;7;0.2;108;10000000;1;16;0;0;0;0;0.0348839
fs;7;0.2;109;10000000;1;16;0;0;0;0;0.0324291
fs;7;0.2;110;10000000;1;16;0;0;0;0;0.032608
fs;7;0.2;111;10000000;1;16;0;0;0;0;0.0353359
fs;7;0.2;112;10000000;1;16;0;0;0;0;0.0330289
fs;7;0.2;113;10000000;1;16;0;0;0;0;0.0326545
fs;7;0.2;114;10000000;1;16;0;0;0;0;0.0331253
fs;7;0.2;115;10000000;1;16;0;0;0;0;0.0322322
fs;7;0.2;116;10000000;1;16;0;0;0;0;0.0338609
fs;7;0.2;117;10000000;1;16;0;0;0;0;0.0343845
fs;7;0.2;118;10000000;1;16;0;0;0;0;0.0323297
fs;7;0.2;119;10000000;1;16;0;0;0;0;0.0340884
fs;7;0.2;120;10000000;1;16;0;0;0;0;0.0323964
fs;7;0.2;121;10000000;1;16;0;0;0;0;0.0343322
fs;7;0.2;122;10000000;1;16;0;0;0;0;0.0343206
fs;7;0.2;123;10000000;1;16;0;0;0;0;0.0325305
fs;7;0.2;124;10000000;1;16;0;0;0;0;0.0324801
fs;7;0.2;125;10000000;1;16;0;0;0;0;0.0327515
fs;7;0.2;126;10000000;1;16;0;0;0;0;0.0329016
fs;7;0.2;127;10000000;1;16;0;0;0;0;0.0328284
fs;7;0.2;128;10000000;1;16;0;0;0;0;0.039607
fs;7;0.2;129;10000000;1;16;0;0;0;0;0.0325918
fs;7;0.2;130;10000000;1;16;0;0;0;0;0.0329726
fs;7;0.2;131;10000000;1;16;0;0;0;0;0.0328286
fs;7;0.2;132;10000000;1;16;0;0;0;0;0.0329343
fs;7;0.2;133;10000000;1;16;0;0;0;0;0.032823
fs;7;0.2;134;10000000;1;16;0;0;0;0;0.0329909
fs;7;0.2;135;10000000;1;16;0;0;0;0;0.0320319
fs;7;0.2;136;10000000;1;16;0;0;0;0;0.0320155
fs;7;0.2;137;10000000;1;16;0;0;0;0;0.0330651
fs;7;0.2;138;10000000;1;16;0;0;0;0;0.0324042
fs;7;0.2;139;10000000;1;16;0;0;0;0;0.0320569
fs;7;0.2;140;10000000;1;16;0;0;0;0;0.0339586
fs;7;0.2;141;10000000;1;16;0;0;0;0;0.0319864
fs;7;0.2;142;10000000;1;16;0;0;0;0;0.0320912
fs;7;0.2;143;10000000;1;16;0;0;0;0;0.0321481
fs;7;0.2;144;10000000;1;16;0;0;0;0;0.0321092
fs;7;0.2;145;10000000;1;16;0;0;0;0;0.0326561
fs;7;0.2;146;10000000;1;16;0;0;0;0;0.0330835
fs;7;0.2;147;10000000;1;16;0;0;0;0;0.032659
fs;7;0.2;148;10000000;1;16;0;0;0;0;0.0323676
fs;7;0.2;149;10000000;1;16;0;0;0;0;0.0319374
fs;7;0.2;150;10000000;1;16;0;0;0;0;0.0323229
fs;7;0.2;151;10000000;1;16;0;0;0;0;0.0329723
fs;7;0.2;152;10000000;1;16;0;0;0;0;0.0323685
fs;7;0.2;153;10000000;1;16;0;0;0;0;0.0321919
fs;7;0.2;154;10000000;1;16;0;0;0;0;0.0324557
fs;7;0.2;155;10000000;1;16;0;0;0;0;0.0323754
fs;7;0.2;156;10000000;1;16;0;0;0;0;0.0321288
fs;7;0.2;157;10000000;1;16;0;0;0;0;0.0320186
fs;7;0.2;158;10000000;1;16;0;0;0;0;0.032584
fs;7;0.2;159;10000000;1;16;0;0;0;0;0.0324008
fs;7;0.2;160;10000000;1;16;0;0;0;0;0.0318847
fs;7;0.2;161;10000000;1;16;0;0;0;0;0.0322864
fs;7;0.2;162;10000000;1;16;0;0;0;0;0.0323053
fs;7;0.2;163;10000000;1;16;0;0;0;0;0.0325497
fs;7;0.2;164;10000000;1;16;0;0;0;0;0.0318777
fs;7;0.2;165;10000000;1;16;0;0;0;0;0.0323604
fs;7;0.2;166;10000000;1;16;0;0;0;0;0.03195
fs;7;0.2;167;10000000;1;16;0;0;0;0;0.0320812
fs;7;0.2;168;10000000;1;16;0;0;0;0;0.0323147
fs;7;0.2;169;10000000;1;16;0;0;0;0;0.0325483
fs;7;0.2;170;10000000;1;16;0;0;0;0;0.0326286
fs;7;0.2;171;10000000;1;16;0;0;0;0;0.0323401
fs;7;0.2;172;10000000;1;16;0;0;0;0;0.032397
fs;7;0.2;173;10000000;1;16;0;0;0;0;0.0326433
fs;7;0.2;174;10000000;1;16;0;0;0;0;0.0319015
fs;7;0.2;175;10000000;1;16;0;0;0;0;0.0320464
fs;7;0.2;176;10000000;1;16;0;0;0;0;0.0320798
fs;7;0.2;177;10000000;1;16;0;0;0;0;0.0324037
fs;7;0.2;178;10000000;1;16;0;0;0;0;0.0323761
fs;7;0.2;179;10000000;1;16;0;0;0;0;0.0328406
fs;7;0.2;180;10000000;1;16;0;0;0;0;0.031952
fs;7;0.2;181;10000000;1;16;0;0;0;0;0.0320361
fs;7;0.2;182;10000000;1;16;0;0;0;0;0.0323894
fs;7;0.2;183;10000000;1;16;0;0;0;0;0.0320158
fs;7;0.2;184;10000000;1;16;0;0;0;0;0.0393796
fs;7;0.2;185;10000000;1;16;0;0;0;0;0.0317381
fs;7;0.2;186;10000000;1;16;0;0;0;0;0.0319957
fs;7;0.2;187;10000000;1;16;0;0;0;0;0.0320938
fs;7;0.2;188;10000000;1;16;0;0;0;0;0.0321342
fs;7;0.2;189;10000000;1;16;0;0;0;0;0.0327912
fs;7;0.2;190;10000000;1;16;0;0;0;0;0.0317606
fs;7;0.2;191;10000000;1;16;0;0;0;0;0.0319593
fs;7;0.2;192;10000000;1;16;0;0;0;0;0.0323567
fs;7;0.2;193;10000000;1;16;0;0;0;0;0.0322648
fs;7;0.2;194;10000000;1;16;0;0;0;0;0.0317875
fs;7;0.2;195;10000000;1;16;0;0;0;0;0.0325342
fs;7;0.2;196;10000000;1;16;0;0;0;0;0.0316926
fs;7;0.2;197;10000000;1;16;0;0;0;0;0.0318687
fs;7;0.2;198;10000000;1;16;0;0;0;0;0.0321401
fs;7;0.2;199;10000000;1;16;0;0;0;0;0.0321473
fs;7;0.2;200;10000000;1;16;0;0;0;0;0.0322205
fs;7;0.2;201;10000000;1;16;0;0;0;0;0.031756
fs;7;0.2;202;10000000;1;16;0;0;0;0;0.0318678
fs;7;0.2;203;10000000;1;16;0;0;0;0;0.0321262
fs;7;0.2;204;10000000;1;16;0;0;0;0;0.0319463
fs;7;0.2;205;10000000;1;16;0;0;0;0;0.0319799
fs;7;0.2;206;10000000;1;16;0;0;0;0;0.0320326
fs;7;0.2;207;10000000;1;16;0;0;0;0;0.031807
fs;7;0.2;208;10000000;1;16;0;0;0;0;0.0321119
fs;7;0.2;209;10000000;1;16;0;0;0;0;0.0320023
fs;7;0.2;210;10000000;1;16;0;0;0;0;0.0317954
fs;7;0.2;211;10000000;1;16;0;0;0;0;0.0322259
fs;7;0.2;212;10000000;1;16;0;0;0;0;0.0321488
fs;7;0.2;213;10000000;1;16;0;0;0;0;0.0320434
fs;7;0.2;214;10000000;1;16;0;0;0;0;0.031732
fs;7;0.2;215;10000000;1;16;0;0;0;0;0.0319198
fs;7;0.2;216;10000000;1;16;0;0;0;0;0.0324058
fs;7;0.2;217;10000000;1;16;0;0;0;0;0.0323843
fs;7;0.2;218;10000000;1;16;0;0;0;0;0.0318164
fs;7;0.2;219;10000000;1;16;0;0;0;0;0.0317214
fs;7;0.2;220;10000000;1;16;0;0;0;0;0.0319772
fs;7;0.2;221;10000000;1;16;0;0;0;0;0.0318705
fs;7;0.2;222;10000000;1;16;0;0;0;0;0.0318384
fs;7;0.2;223;10000000;1;16;0;0;0;0;0.0317377
fs;7;0.2;224;10000000;1;16;0;0;0;0;0.0318146
fs;7;0.2;225;10000000;1;16;0;0;0;0;0.0317829
fs;7;0.2;226;10000000;1;16;0;0;0;0;0.0319987
fs;7;0.2;227;10000000;1;16;0;0;0;0;0.0316402
fs;7;0.2;228;10000000;1;16;0;0;0;0;0.0318909
fs;7;0.2;229;10000000;1;16;0;0;0;0;0.0319656
fs;7;0.2;230;10000000;1;16;0;0;0;0;0.0318897
fs;7;0.2;231;10000000;1;16;0;0;0;0;0.0322357
fs;7;0.2;232;10000000;1;16;0;0;0;0;0.032492
fs;7;0.2;233;10000000;1;16;0;0;0;0;0.0321957
fs;7;0.2;234;10000000;1;16;0;0;0;0;0.0322544
fs;7;0.2;235;10000000;1;16;0;0;0;0;0.0317161
fs;7;0.2;236;10000000;1;16;0;0;0;0;0.0324121
fs;7;0.2;237;10000000;1;16;0;0;0;0;0.0319536
fs;7;0.2;238;10000000;1;16;0;0;0;0;0.03222
fs;7;0.2;239;10000000;1;16;0;0;0;0;0.0318305
fs;7;0.2;240;10000000;1;16;0;0;0;0;0.0316998
fs;7;0.2;241;10000000;1;16;0;0;0;0;0.0319076
fs;7;0.2;242;10000000;1;16;0;0;0;0;0.0323206
fs;7;0.2;243;10000000;1;16;0;0;0;0;0.0318424
fs;7;0.2;244;10000000;1;16;0;0;0;0;0.0317242
fs;7;0.2;245;10000000;1;16;0;0;0;0;0.0317001
fs;7;0.2;246;10000000;1;16;0;0;0;0;0.0319554
fs;7;0.2;247;10000000;1;16;0;0;0;0;0.0318955
fs;7;0.2;248;10000000;1;16;0;0;0;0;0.0318249
fs;7;0.2;249;10000000;1;16;0;0;0;0;0.0318994
fs;7;0.2;250;10000000;1;16;0;0;0;0;0.0318499
fs;7;0.2;251;10000000;1;16;0;0;0;0;0.0318198
fs;7;0.2;252;10000000;1;16;0;0;0;0;0.031708
fs;7;0.2;253;10000000;1;16;0;0;0;0;0.0329307
fs;7;0.2;254;10000000;1;16;0;0;0;0;0.0316459
fs;7;0.2;255;10000000;1;16;0;0;0;0;0.0319537
fs;7;0.2;256;10000000;1;16;0;0;0;0;0.0319252
fs;7;0.2;257;10000000;1;16;0;0;0;0;0.0319161
fs;7;0.2;258;10000000;1;16;0;0;0;0;0.0318486
fs;7;0.2;259;10000000;1;16;0;0;0;0;0.0318826
fs;7;0.2;260;10000000;1;16;0;0;0;0;0.0318528
fs;7;0.2;261;10000000;1;16;0;0;0;0;0.0317582
fs;7;0.2;262;10000000;1;16;0;0;0;0;0.0318302
fs;7;0.2;263;10000000;1;16;0;0;0;0;0.0318656
fs;7;0.2;264;10000000;1;16;0;0;0;0;0.0319926
fs;7;0.2;265;10000000;1;16;0;0;0;0;0.0317464
fs;7;0.2;266;10000000;1;16;0;0;0;0;0.0320373
fs;7;0.2;267;10000000;1;16;0;0;0;0;0.0318378
fs;7;0.2;268;10000000;1;16;0;0;0;0;0.0320529
fs;7;0.2;269;10000000;1;16;0;0;0;0;0.0318834
fs;7;0.2;270;10000000;1;16;0;0;0;0;0.0321033
fs;7;0.2;271;10000000;1;16;0;0;0;0;0.0318007
fs;7;0.2;272;10000000;1;16;0;0;0;0;0.0318448
fs;7;0.2;273;10000000;1;16;0;0;0;0;0.0322259
fs;7;0.2;274;10000000;1;16;0;0;0;0;0.0317996
fs;7;0.2;275;10000000;1;16;0;0;0;0;0.0321416
fs;7;0.2;276;10000000;1;16;0;0;0;0;0.0319099
fs;7;0.2;277;10000000;1;16;0;0;0;0;0.0317178
fs;7;0.2;278;10000000;1;16;0;0;0;0;0.0320927
fs;7;0.2;279;10000000;1;16;0;0;0;0;0.0318778
fs;7;0.2;280;10000000;1;16;0;0;0;0;0.0320155
fs;7;0.2;281;10000000;1;16;0;0;0;0;0.0320241
fs;7;0.2;282;10000000;1;16;0;0;0;0;0.0322087
fs;7;0.2;283;10000000;1;16;0;0;0;0;0.03178
fs;7;0.2;284;10000000;1;16;0;0;0;0;0.031741
fs;7;0.2;285;10000000;1;16;0;0;0;0;0.0322501
fs;7;0.2;286;10000000;1;16;0;0;0;0;0.0317359
fs;7;0.2;287;10000000;1;16;0;0;0;0;0.0319468
fs;7;0.2;288;10000000;1;16;0;0;0;0;0.0320611
fs;7;0.2;289;10000000;1;16;0;0;0;0;0.0317883
fs;7;0.2;290;10000000;1;16;0;0;0;0;0.0317894
fs;7;0.2;291;10000000;1;16;0;0;0;0;0.0394246
fs;7;0.2;292;10000000;1;16;0;0;0;0;0.0316747
fs;7;0.2;293;10000000;1;16;0;0;0;0;0.0318184
fs;7;0.2;294;10000000;1;16;0;0;0;0;0.0318568
fs;7;0.2;295;10000000;1;16;0;0;0;0;0.0315724
fs;7;0.2;296;10000000;1;16;0;0;0;0;0.0317846
fs;7;0.2;297;10000000;1;16;0;0;0;0;0.0317771
fs;7;0.2;298;10000000;1;16;0;0;0;0;0.0318461
fs;7;0.2;299;10000000;1;16;0;0;0;0;0.0318255
fs;7;0.2;300;10000000;1;16;0;0;0;0;0.0317109
fs;7;0.2;301;10000000;1;16;0;0;0;0;0.0317594
fs;7;0.2;302;10000000;1;16;0;0;0;0;0.0318337
fs;7;0.2;303;10000000;1;16;0;0;0;0;0.0319346
fs;7;0.2;304;10000000;1;16;0;0;0;0;0.0317829
fs;7;0.2;305;10000000;1;16;0;0;0;0;0.0317384
fs;7;0.2;306;10000000;1;16;0;0;0;0;0.0323854
fs;7;0.2;307;10000000;1;16;0;0;0;0;0.0316164
fs;7;0.2;308;10000000;1;16;0;0;0;0;0.0321697
fs;7;0.2;309;10000000;1;16;0;0;0;0;0.0318084
fs;7;0.2;310;10000000;1;16;0;0;0;0;0.0317401
fs;7;0.2;311;10000000;1;16;0;0;0;0;0.0318391
fs;7;0.2;312;10000000;1;16;0;0;0;0;0.0320688
fs;7;0.2;313;10000000;1;16;0;0;0;0;0.0317338
fs;7;0.2;314;10000000;1;16;0;0;0;0;0.0317727
fs;7;0.2;315;10000000;1;16;0;0;0;0;0.0317625
fs;7;0.2;316;10000000;1;16;0;0;0;0;0.0317123
fs;7;0.2;317;10000000;1;16;0;0;0;0;0.0318859
fs;7;0.2;318;10000000;1;16;0;0;0;0;0.0316707
fs;7;0.2;319;10000000;1;16;0;0;0;0;0.0319419
fs;7;0.2;320;10000000;1;16;0;0;0;0;0.0316961
fs;7;0.2;321;10000000;1;16;0;0;0;0;0.0317338
fs;7;0.2;322;10000000;1;16;0;0;0;0;0.0317699
fs;7;0.2;323;10000000;1;16;0;0;0;0;0.0319161
fs;7;0.2;324;10000000;1;16;0;0;0;0;0.0318524
fs;7;0.2;325;10000000;1;16;0;0;0;0;0.0322511
fs;7;0.2;326;10000000;1;16;0;0;0;0;0.0319547
fs;7;0.2;327;10000000;1;16;0;0;0;0;0.0322832
fs;7;0.2;328;10000000;1;16;0;0;0;0;0.0317446
fs;7;0.2;329;10000000;1;16;0;0;0;0;0.0323227
fs;7;0.2;330;10000000;1;16;0;0;0;0;0.0318025
fs;7;0.2;331;10000000;1;16;0;0;0;0;0.031979
fs;7;0.2;332;10000000;1;16;0;0;0;0;0.0318169
fs;7;0.2;333;10000000;1;16;0;0;0;0;0.0316518
fs;7;0.2;334;10000000;1;16;0;0;0;0;0.0319904
fs;7;0.2;335;10000000;1;16;0;0;0;0;0.031873
fs;7;0.2;336;10000000;1;16;0;0;0;0;0.0317992
fs;7;0.2;337;10000000;1;16;0;0;0;0;0.0317007
fs;7;0.2;338;10000000;1;16;0;0;0;0;0.0318062
fs;7;0.2;339;10000000;1;16;0;0;0;0;0.0318173
fs;7;0.2;340;10000000;1;16;0;0;0;0;0.0317331
fs;7;0.2;341;10000000;1;16;0;0;0;0;0.0318472
fs;7;0.2;342;10000000;1;16;0;0;0;0;0.0319221
fs;7;0.2;343;10000000;1;16;0;0;0;0;0.0320897
fs;7;0.2;344;10000000;1;16;0;0;0;0;0.0317034
fs;7;0.2;345;10000000;1;16;0;0;0;0;0.0316793
fs;7;0.2;346;10000000;1;16;0;0;0;0;0.0319302
fs;7;0.2;347;10000000;1;16;0;0;0;0;0.031664
fs;7;0.2;348;10000000;1;16;0;0;0;0;0.0320209
fs;7;0.2;349;10000000;1;16;0;0;0;0;0.0318879
fs;7;0.2;350;10000000;1;16;0;0;0;0;0.031849
fs;7;0.2;351;10000000;1;16;0;0;0;0;0.0318567
fs;7;0.2;352;10000000;1;16;0;0;0;0;0.0319893
fs;7;0.2;353;10000000;1;16;0;0;0;0;0.0317986
fs;7;0.2;354;10000000;1;16;0;0;0;0;0.031759
fs;7;0.2;355;10000000;1;16;0;0;0;0;0.0317623
fs;7;0.2;356;10000000;1;16;0;0;0;0;0.0318798
fs;7;0.2;357;10000000;1;16;0;0;0;0;0.0320265
fs;7;0.2;358;10000000;1;16;0;0;0;0;0.0317134
fs;7;0.2;359;10000000;1;16;0;0;0;0;0.0316667
fs;7;0.2;360;10000000;1;16;0;0;0;0;0.0318248
fs;7;0.2;361;10000000;1;16;0;0;0;0;0.031733
fs;7;0.2;362;10000000;1;16;0;0;0;0;0.0317582
fs;7;0.2;363;10000000;1;16;0;0;0;0;0.0318074
fs;7;0.2;364;10000000;1;16;0;0;0;0;0.0317356
fs;7;0.2;365;10000000;1;16;0;0;0;0;0.0318948
fs;7;0.2;366;10000000;1;16;0;0;0;0;0.0318781
fs;7;0.2;367;10000000;1;16;0;0;0;0;0.0316704
fs;7;0.2;368;10000000;1;16;0;0;0;0;0.0316599
fs;7;0.2;369;10000000;1;16;0;0;0;0;0.0319551
fs;7;0.2;370;10000000;1;16;0;0;0;0;0.0318889
fs;7;0.2;371;10000000;1;16;0;0;0;0;0.0316958
fs;7;0.2;372;10000000;1;16;0;0;0;0;0.0318295
fs;7;0.2;373;10000000;1;16;0;0;0;0;0.0317301
fs;7;0.2;374;10000000;1;16;0;0;0;0;0.0321791
fs;7;0.2;375;10000000;1;16;0;0;0;0;0.0317071
fs;7;0.2;376;10000000;1;16;0;0;0;0;0.0317041
fs;7;0.2;377;10000000;1;16;0;0;0;0;0.031706
fs;7;0.2;378;10000000;1;16;0;0;0;0;0.0316886
fs;7;0.2;379;10000000;1;16;0;0;0;0;0.0317376
fs;7;0.2;380;10000000;1;16;0;0;0;0;0.0316648
fs;7;0.2;381;10000000;1;16;0;0;0;0;0.0318113
fs;7;0.2;382;10000000;1;16;0;0;0;0;0.0317061
fs;7;0.2;383;10000000;1;16;0;0;0;0;0.0317618
fs;7;0.2;384;10000000;1;16;0;0;0;0;0.031662
fs;7;0.2;385;10000000;1;16;0;0;0;0;0.0318162
fs;7;0.2;386;10000000;1;16;0;0;0;0;0.0321789
fs;7;0.2;387;10000000;1;16;0;0;0;0;0.031785
fs;7;0.2;388;10000000;1;16;0;0;0;0;0.0315776
fs;7;0.2;389;10000000;1;16;0;0;0;0;0.0317374
fs;7;0.2;390;10000000;1;16;0;0;0;0;0.0317886
fs;7;0.2;391;10000000;1;16;0;0;0;0;0.0317867
fs;7;0.2;392;10000000;1;16;0;0;0;0;0.0322393
fs;7;0.2;393;10000000;1;16;0;0;0;0;0.0319911
fs;7;0.2;394;10000000;1;16;0;0;0;0;0.0319325
fs;7;0.2;395;10000000;1;16;0;0;0;0;0.0318899
fs;7;0.2;396;10000000;1;16;0;0;0;0;0.031889
fs;7;0.2;397;10000000;1;16;0;0;0;0;0.0317624
fs;7;0.2;398;10000000;1;16;0;0;0;0;0.0317301
fs;7;0.2;399;10000000;1;16;0;0;0;0;0.0316725
fs;7;0.2;400;10000000;1;16;0;0;0;0;0.0316865
fs;7;0.2;401;10000000;1;16;0;0;0;0;0.0316941
fs;7;0.2;402;10000000;1;16;0;0;0;0;0.0318417
fs;7;0.2;403;10000000;1;16;0;0;0;0;0.0317291
fs;7;0.2;404;10000000;1;16;0;0;0;0;0.031672
fs;7;0.2;405;10000000;1;16;0;0;0;0;0.0319199
fs;7;0.2;406;10000000;1;16;0;0;0;0;0.0319355
fs;7;0.2;407;10000000;1;16;0;0;0;0;0.0318467
fs;7;0.2;408;10000000;1;16;0;0;0;0;0.0317639
fs;7;0.2;409;10000000;1;16;0;0;0;0;0.0317587
fs;7;0.2;410;10000000;1;16;0;0;0;0;0.0317269
fs;7;0.2;411;10000000;1;16;0;0;0;0;0.0317493
fs;7;0.2;412;10000000;1;16;0;0;0;0;0.031754
fs;7;0.2;413;10000000;1;16;0;0;0;0;0.0319675
fs;7;0.2;414;10000000;1;16;0;0;0;0;0.0316877
fs;7;0.2;415;10000000;1;16;0;0;0;0;0.0317095
fs;7;0.2;416;10000000;1;16;0;0;0;0;0.0318615
fs;7;0.2;417;10000000;1;16;0;0;0;0;0.0318032
fs;7;0.2;418;10000000;1;16;0;0;0;0;0.0316048
fs;7;0.2;419;10000000;1;16;0;0;0;0;0.0316563
fs;7;0.2;420;10000000;1;16;0;0;0;0;0.0319744
fs;7;0.2;421;10000000;1;16;0;0;0;0;0.0317806
fs;7;0.2;422;10000000;1;16;0;0;0;0;0.0316807
fs;7;0.2;423;10000000;1;16;0;0;0;0;0.0317115
fs;7;0.2;424;10000000;1;16;0;0;0;0;0.0318892
fs;7;0.2;425;10000000;1;16;0;0;0;0;0.0317079
fs;7;0.2;426;10000000;1;16;0;0;0;0;0.0318034
fs;7;0.2;427;10000000;1;16;0;0;0;0;0.0317351
fs;7;0.2;428;10000000;1;16;0;0;0;0;0.0318048
fs;7;0.2;429;10000000;1;16;0;0;0;0;0.031744
fs;7;0.2;430;10000000;1;16;0;0;0;0;0.0321783
fs;7;0.2;431;10000000;1;16;0;0;0;0;0.0317466
fs;7;0.2;432;10000000;1;16;0;0;0;0;0.031827
fs;7;0.2;433;10000000;1;16;0;0;0;0;0.0318196
fs;7;0.2;434;10000000;1;16;0;0;0;0;0.0317622
fs;7;0.2;435;10000000;1;16;0;0;0;0;0.0316825
fs;7;0.2;436;10000000;1;16;0;0;0;0;0.0316893
fs;7;0.2;437;10000000;1;16;0;0;0;0;0.0317191
fs;7;0.2;438;10000000;1;16;0;0;0;0;0.031625
fs;7;0.2;439;10000000;1;16;0;0;0;0;0.0316175
fs;7;0.2;440;10000000;1;16;0;0;0;0;0.0316752
fs;7;0.2;441;10000000;1;16;0;0;0;0;0.0316803
fs;7;0.2;442;10000000;1;16;0;0;0;0;0.0319065
fs;7;0.2;443;10000000;1;16;0;0;0;0;0.0318401
fs;7;0.2;444;10000000;1;16;0;0;0;0;0.0316893
fs;7;0.2;445;10000000;1;16;0;0;0;0;0.0317967
fs;7;0.2;446;10000000;1;16;0;0;0;0;0.0318107
fs;7;0.2;447;10000000;1;16;0;0;0;0;0.0317752
fs;7;0.2;448;10000000;1;16;0;0;0;0;0.0322464
fs;7;0.2;449;10000000;1;16;0;0;0;0;0.0317881
fs;7;0.2;450;10000000;1;16;0;0;0;0;0.0318
fs;7;0.2;451;10000000;1;16;0;0;0;0;0.031813
fs;7;0.2;452;10000000;1;16;0;0;0;0;0.0316343
fs;7;0.2;453;10000000;1;16;0;0;0;0;0.0317558
fs;7;0.2;454;10000000;1;16;0;0;0;0;0.0318235
fs;7;0.2;455;10000000;1;16;0;0;0;0;0.0317997
fs;7;0.2;456;10000000;1;16;0;0;0;0;0.0316948
fs;7;0.2;457;10000000;1;16;0;0;0;0;0.0316717
fs;7;0.2;458;10000000;1;16;0;0;0;0;0.0316596
fs;7;0.2;459;10000000;1;16;0;0;0;0;0.0316978
fs;7;0.2;460;10000000;1;16;0;0;0;0;0.0317118
fs;7;0.2;461;10000000;1;16;0;0;0;0;0.0318364
fs;7;0.2;462;10000000;1;16;0;0;0;0;0.0317763
fs;7;0.2;463;10000000;1;16;0;0;0;0;0.0316408
fs;7;0.2;464;10000000;1;16;0;0;0;0;0.0316726
fs;7;0.2;465;10000000;1;16;0;0;0;0;0.0317118
fs;7;0.2;466;10000000;1;16;0;0;0;0;0.031688
fs;7;0.2;467;10000000;1;16;0;0;0;0;0.0318626
fs;7;0.2;468;10000000;1;16;0;0;0;0;0.0317071
fs;7;0.2;469;10000000;1;16;0;0;0;0;0.0316159
fs;7;0.2;470;10000000;1;16;0;0;0;0;0.0318114
fs;7;0.2;471;10000000;1;16;0;0;0;0;0.0316344
fs;7;0.2;472;10000000;1;16;0;0;0;0;0.0317858
fs;7;0.2;473;10000000;1;16;0;0;0;0;0.0317878
fs;7;0.2;474;10000000;1;16;0;0;0;0;0.0317335
fs;7;0.2;475;10000000;1;16;0;0;0;0;0.0319347
fs;7;0.2;476;10000000;1;16;0;0;0;0;0.0318822
fs;7;0.2;477;10000000;1;16;0;0;0;0;0.0320154
fs;7;0.2;478;10000000;1;16;0;0;0;0;0.0316957
fs;7;0.2;479;10000000;1;16;0;0;0;0;0.0317961
fs;7;0.2;480;10000000;1;16;0;0;0;0;0.031798
fs;7;0.2;481;10000000;1;16;0;0;0;0;0.0318725
fs;7;0.2;482;10000000;1;16;0;0;0;0;0.0316742
fs;7;0.2;483;10000000;1;16;0;0;0;0;0.031783
fs;7;0.2;484;10000000;1;16;0;0;0;0;0.031798
fs;7;0.2;485;10000000;1;16;0;0;0;0;0.0317728
fs;7;0.2;486;10000000;1;16;0;0;0;0;0.0317234
fs;7;0.2;487;10000000;1;16;0;0;0;0;0.0317145
fs;7;0.2;488;10000000;1;16;0;0;0;0;0.0320078
fs;7;0.2;489;10000000;1;16;0;0;0;0;0.0317477
fs;7;0.2;490;10000000;1;16;0;0;0;0;0.0316965
fs;7;0.2;491;10000000;1;16;0;0;0;0;0.0317602
fs;7;0.2;492;10000000;1;16;0;0;0;0;0.0318122
fs;7;0.2;493;10000000;1;16;0;0;0;0;0.0317526
fs;7;0.2;494;10000000;1;16;0;0;0;0;0.0316327
fs;7;0.2;495;10000000;1;16;0;0;0;0;0.0317062
fs;7;0.2;496;10000000;1;16;0;0;0;0;0.0317745
fs;7;0.2;497;10000000;1;16;0;0;0;0;0.0316923
fs;7;0.2;498;10000000;1;16;0;0;0;0;0.0316401
fs;7;0.2;499;10000000;1;16;0;0;0;0;0.0317864
fs;7;0.2;500;10000000;1;16;0;0;0;0;0.0390429
fs;7;0.2;501;10000000;1;16;0;0;0;0;0.0316972
fs;7;0.2;502;10000000;1;16;0;0;0;0;0.0316978
fs;7;0.2;503;10000000;1;16;0;0;0;0;0.0317272
fs;7;0.2;504;10000000;1;16;0;0;0;0;0.0318209
fs;7;0.2;505;10000000;1;16;0;0;0;0;0.0318835
fs;7;0.2;506;10000000;1;16;0;0;0;0;0.0316856
fs;7;0.2;507;10000000;1;16;0;0;0;0;0.0318734
fs;7;0.2;508;10000000;1;16;0;0;0;0;0.0317151
fs;7;0.2;509;10000000;1;16;0;0;0;0;0.0317645
fs;7;0.2;510;10000000;1;16;0;0;0;0;0.0316758
fs;7;0.2;511;10000000;1;16;0;0;0;0;0.0316971
fs;7;0.2;512;10000000;1;16;0;0;0;0;0.0321161
fs;7;0.2;513;10000000;1;16;0;0;0;0;0.031784
fs;7;0.2;514;10000000;1;16;0;0;0;0;0.0317609
fs;7;0.2;515;10000000;1;16;0;0;0;0;0.0316878
fs;7;0.2;516;10000000;1;16;0;0;0;0;0.0316906
fs;7;0.2;517;10000000;1;16;0;0;0;0;0.031829
fs;7;0.2;518;10000000;1;16;0;0;0;0;0.031769
fs;7;0.2;519;10000000;1;16;0;0;0;0;0.0317399
fs;7;0.2;520;10000000;1;16;0;0;0;0;0.0321607
fs;7;0.2;521;10000000;1;16;0;0;0;0;0.0318535
fs;7;0.2;522;10000000;1;16;0;0;0;0;0.0317316
fs;7;0.2;523;10000000;1;16;0;0;0;0;0.0317054
fs;7;0.2;524;10000000;1;16;0;0;0;0;0.0318686
fs;7;0.2;525;10000000;1;16;0;0;0;0;0.031804
fs;7;0.2;526;10000000;1;16;0;0;0;0;0.0317561
fs;7;0.2;527;10000000;1;16;0;0;0;0;0.0318032
fs;7;0.2;528;10000000;1;16;0;0;0;0;0.0317869
fs;7;0.2;529;10000000;1;16;0;0;0;0;0.0317188
fs;7;0.2;530;10000000;1;16;0;0;0;0;0.0316903
fs;7;0.2;531;10000000;1;16;0;0;0;0;0.0317424
fs;7;0.2;532;10000000;1;16;0;0;0;0;0.0317714
fs;7;0.2;533;10000000;1;16;0;0;0;0;0.0317333
fs;7;0.2;534;10000000;1;16;0;0;0;0;0.0319298
fs;7;0.2;535;10000000;1;16;0;0;0;0;0.0316852
fs;7;0.2;536;10000000;1;16;0;0;0;0;0.0318563
fs;7;0.2;537;10000000;1;16;0;0;0;0;0.0317336
fs;7;0.2;538;10000000;1;16;0;0;0;0;0.0317049
fs;7;0.2;539;10000000;1;16;0;0;0;0;0.0317381
fs;7;0.2;540;10000000;1;16;0;0;0;0;0.0318147
fs;7;0.2;541;10000000;1;16;0;0;0;0;0.0316868
fs;7;0.2;542;10000000;1;16;0;0;0;0;0.0318189
fs;7;0.2;543;10000000;1;16;0;0;0;0;0.0318485
fs;7;0.2;544;10000000;1;16;0;0;0;0;0.0316991
fs;7;0.2;545;10000000;1;16;0;0;0;0;0.0318191
fs;7;0.2;546;10000000;1;16;0;0;0;0;0.0318007
fs;7;0.2;547;10000000;1;16;0;0;0;0;0.0317284
fs;7;0.2;548;10000000;1;16;0;0;0;0;0.0318491
fs;7;0.2;549;10000000;1;16;0;0;0;0;0.0317496
fs;7;0.2;550;10000000;1;16;0;0;0;0;0.0317402
fs;7;0.2;551;10000000;1;16;0;0;0;0;0.0316862
fs;7;0.2;552;10000000;1;16;0;0;0;0;0.0318075
fs;7;0.2;553;10000000;1;16;0;0;0;0;0.0317426
fs;7;0.2;554;10000000;1;16;0;0;0;0;0.0317182
fs;7;0.2;555;10000000;1;16;0;0;0;0;0.0318983
fs;7;0.2;556;10000000;1;16;0;0;0;0;0.0317708
fs;7;0.2;557;10000000;1;16;0;0;0;0;0.0317888
fs;7;0.2;558;10000000;1;16;0;0;0;0;0.0316092
fs;7;0.2;559;10000000;1;16;0;0;0;0;0.0317362
fs;7;0.2;560;10000000;1;16;0;0;0;0;0.0316251
fs;7;0.2;561;10000000;1;16;0;0;0;0;0.031621
fs;7;0.2;562;10000000;1;16;0;0;0;0;0.0317278
fs;7;0.2;563;10000000;1;16;0;0;0;0;0.0316848
fs;7;0.2;564;10000000;1;16;0;0;0;0;0.0317397
fs;7;0.2;565;10000000;1;16;0;0;0;0;0.031935
fs;7;0.2;566;10000000;1;16;0;0;0;0;0.0318461
fs;7;0.2;567;10000000;1;16;0;0;0;0;0.0318105
fs;7;0.2;568;10000000;1;16;0;0;0;0;0.0317846
fs;7;0.2;569;10000000;1;16;0;0;0;0;0.0318751
fs;7;0.2;570;10000000;1;16;0;0;0;0;0.0318097
fs;7;0.2;571;10000000;1;16;0;0;0;0;0.0317902
fs;7;0.2;572;10000000;1;16;0;0;0;0;0.0316286
fs;7;0.2;573;10000000;1;16;0;0;0;0;0.0317081
fs;7;0.2;574;10000000;1;16;0;0;0;0;0.0319503
fs;7;0.2;575;10000000;1;16;0;0;0;0;0.0319312
fs;7;0.2;576;10000000;1;16;0;0;0;0;0.031727
fs;7;0.2;577;10000000;1;16;0;0;0;0;0.0317168
fs;7;0.2;578;10000000;1;16;0;0;0;0;0.0317636
fs;7;0.2;579;10000000;1;16;0;0;0;0;0.0317343
fs;7;0.2;580;10000000;1;16;0;0;0;0;0.0316327
fs;7;0.2;581;10000000;1;16;0;0;0;0;0.0318457
fs;7;0.2;582;10000000;1;16;0;0;0;0;0.0316577
fs;7;0.2;583;10000000;1;16;0;0;0;0;0.0317294
fs;7;0.2;584;10000000;1;16;0;0;0;0;0.0317092
fs;7;0.2;585;10000000;1;16;0;0;0;0;0.0317839
fs;7;0.2;586;10000000;1;16;0;0;0;0;0.0317169
fs;7;0.2;587;10000000;1;16;0;0;0;0;0.0316348
fs;7;0.2;588;10000000;1;16;0;0;0;0;0.0318412
fs;7;0.2;589;10000000;1;16;0;0;0;0;0.0316672
fs;7;0.2;590;10000000;1;16;0;0;0;0;0.0316783
fs;7;0.2;591;10000000;1;16;0;0;0;0;0.0317483
fs;7;0.2;592;10000000;1;16;0;0;0;0;0.0317321
fs;7;0.2;593;10000000;1;16;0;0;0;0;0.031618
fs;7;0.2;594;10000000;1;16;0;0;0;0;0.0317938
fs;7;0.2;595;10000000;1;16;0;0;0;0;0.0318696
fs;7;0.2;596;10000000;1;16;0;0;0;0;0.031643
fs;7;0.2;597;10000000;1;16;0;0;0;0;0.0317756
fs;7;0.2;598;10000000;1;16;0;0;0;0;0.0317244
fs;7;0.2;599;10000000;1;16;0;0;0;0;0.032127
fs;7;0.2;600;10000000;1;16;0;0;0;0;0.0316149
fs;7;0.2;601;10000000;1;16;0;0;0;0;0.0316283
fs;7;0.2;602;10000000;1;16;0;0;0;0;0.0319702
fs;7;0.2;603;10000000;1;16;0;0;0;0;0.0316714
fs;7;0.2;604;10000000;1;16;0;0;0;0;0.0316642
fs;7;0.2;605;10000000;1;16;0;0;0;0;0.0318528
fs;7;0.2;606;10000000;1;16;0;0;0;0;0.0318061
fs;7;0.2;607;10000000;1;16;0;0;0;0;0.0319608
fs;7;0.2;608;10000000;1;16;0;0;0;0;0.0321228
fs;7;0.2;609;10000000;1;16;0;0;0;0;0.0317792
fs;7;0.2;610;10000000;1;16;0;0;0;0;0.0318657
fs;7;0.2;611;10000000;1;16;0;0;0;0;0.0317557
fs;7;0.2;612;10000000;1;16;0;0;0;0;0.0317489
fs;7;0.2;613;10000000;1;16;0;0;0;0;0.0317749
fs;7;0.2;614;10000000;1;16;0;0;0;0;0.0317596
fs;7;0.2;615;10000000;1;16;0;0;0;0;0.0317416
fs;7;0.2;616;10000000;1;16;0;0;0;0;0.0318192
fs;7;0.2;617;10000000;1;16;0;0;0;0;0.0317879
fs;7;0.2;618;10000000;1;16;0;0;0;0;0.0317252
fs;7;0.2;619;10000000;1;16;0;0;0;0;0.031597
fs;7;0.2;620;10000000;1;16;0;0;0;0;0.0317902
fs;7;0.2;621;10000000;1;16;0;0;0;0;0.0317781
fs;7;0.2;622;10000000;1;16;0;0;0;0;0.0317577
fs;7;0.2;623;10000000;1;16;0;0;0;0;0.0318593
fs;7;0.2;624;10000000;1;16;0;0;0;0;0.0318786
fs;7;0.2;625;10000000;1;16;0;0;0;0;0.031648
fs;7;0.2;626;10000000;1;16;0;0;0;0;0.0318025
fs;7;0.2;627;10000000;1;16;0;0;0;0;0.0318091
fs;7;0.2;628;10000000;1;16;0;0;0;0;0.0317038
fs;7;0.2;629;10000000;1;16;0;0;0;0;0.0317432
fs;7;0.2;630;10000000;1;16;0;0;0;0;0.0318494
fs;7;0.2;631;10000000;1;16;0;0;0;0;0.0317507
fs;7;0.2;632;10000000;1;16;0;0;0;0;0.0318782
fs;7;0.2;633;10000000;1;16;0;0;0;0;0.0319047
fs;7;0.2;634;10000000;1;16;0;0;0;0;0.0318505
fs;7;0.2;635;10000000;1;16;0;0;0;0;0.0317418
fs;7;0.2;636;10000000;1;16;0;0;0;0;0.0316888
fs;7;0.2;637;10000000;1;16;0;0;0;0;0.0317352
fs;7;0.2;638;10000000;1;16;0;0;0;0;0.0318535
fs;7;0.2;639;10000000;1;16;0;0;0;0;0.0318105
fs;7;0.2;640;10000000;1;16;0;0;0;0;0.0317524
fs;7;0.2;641;10000000;1;16;0;0;0;0;0.0317972
fs;7;0.2;642;10000000;1;16;0;0;0;0;0.0319247
fs;7;0.2;643;10000000;1;16;0;0;0;0;0.0319943
fs;7;0.2;644;10000000;1;16;0;0;0;0;0.0317908
fs;7;0.2;645;10000000;1;16;0;0;0;0;0.0317897
fs;7;0.2;646;10000000;1;16;0;0;0;0;0.0320005
fs;7;0.2;647;10000000;1;16;0;0;0;0;0.0322269
fs;7;0.2;648;10000000;1;16;0;0;0;0;0.0317573
fs;7;0.2;649;10000000;1;16;0;0;0;0;0.0318243
fs;7;0.2;650;10000000;1;16;0;0;0;0;0.0317626
fs;7;0.2;651;10000000;1;16;0;0;0;0;0.03167
fs;7;0.2;652;10000000;1;16;0;0;0;0;0.0318312
fs;7;0.2;653;10000000;1;16;0;0;0;0;0.0320444
fs;7;0.2;654;10000000;1;16;0;0;0;0;0.0317948
fs;7;0.2;655;10000000;1;16;0;0;0;0;0.0317316
fs;7;0.2;656;10000000;1;16;0;0;0;0;0.0318636
fs;7;0.2;657;10000000;1;16;0;0;0;0;0.0316829
fs;7;0.2;658;10000000;1;16;0;0;0;0;0.0319614
fs;7;0.2;659;10000000;1;16;0;0;0;0;0.0320251
fs;7;0.2;660;10000000;1;16;0;0;0;0;0.0318105
fs;7;0.2;661;10000000;1;16;0;0;0;0;0.0317925
fs;7;0.2;662;10000000;1;16;0;0;0;0;0.0317622
fs;7;0.2;663;10000000;1;16;0;0;0;0;0.0317643
fs;7;0.2;664;10000000;1;16;0;0;0;0;0.0318512
fs;7;0.2;665;10000000;1;16;0;0;0;0;0.0318519
fs;7;0.2;666;10000000;1;16;0;0;0;0;0.0317878
fs;7;0.2;667;10000000;1;16;0;0;0;0;0.0317881
fs;7;0.2;668;10000000;1;16;0;0;0;0;0.0317708
fs;7;0.2;669;10000000;1;16;0;0;0;0;0.0316802
fs;7;0.2;670;10000000;1;16;0;0;0;0;0.0318759
fs;7;0.2;671;10000000;1;16;0;0;0;0;0.0317884
fs;7;0.2;672;10000000;1;16;0;0;0;0;0.0317049
fs;7;0.2;673;10000000;1;16;0;0;0;0;0.0317207
fs;7;0.2;674;10000000;1;16;0;0;0;0;0.031833
fs;7;0.2;675;10000000;1;16;0;0;0;0;0.0318941
fs;7;0.2;676;10000000;1;16;0;0;0;0;0.031953
fs;7;0.2;677;10000000;1;16;0;0;0;0;0.0318024
fs;7;0.2;678;10000000;1;16;0;0;0;0;0.0317472
fs;7;0.2;679;10000000;1;16;0;0;0;0;0.0317258
fs;7;0.2;680;10000000;1;16;0;0;0;0;0.0317448
fs;7;0.2;681;10000000;1;16;0;0;0;0;0.0318093
fs;7;0.2;682;10000000;1;16;0;0;0;0;0.0317476
fs;7;0.2;683;10000000;1;16;0;0;0;0;0.031922
fs;7;0.2;684;10000000;1;16;0;0;0;0;0.0318133
fs;7;0.2;685;10000000;1;16;0;0;0;0;0.0317702
fs;7;0.2;686;10000000;1;16;0;0;0;0;0.0317712
fs;7;0.2;687;10000000;1;16;0;0;0;0;0.031778
fs;7;0.2;688;10000000;1;16;0;0;0;0;0.031762
fs;7;0.2;689;10000000;1;16;0;0;0;0;0.0317501
fs;7;0.2;690;10000000;1;16;0;0;0;0;0.0318032
fs;7;0.2;691;10000000;1;16;0;0;0;0;0.0318037
fs;7;0.2;692;10000000;1;16;0;0;0;0;0.0317795
fs;7;0.2;693;10000000;1;16;0;0;0;0;0.0317708
fs;7;0.2;694;10000000;1;16;0;0;0;0;0.031802
fs;7;0.2;695;10000000;1;16;0;0;0;0;0.0317706
fs;7;0.2;696;10000000;1;16;0;0;0;0;0.0318003
fs;7;0.2;697;10000000;1;16;0;0;0;0;0.0318168
fs;7;0.2;698;10000000;1;16;0;0;0;0;0.0319554
fs;7;0.2;699;10000000;1;16;0;0;0;0;0.0318044
fs;7;0.2;700;10000000;1;16;0;0;0;0;0.0317499
fs;7;0.2;701;10000000;1;16;0;0;0;0;0.0317604
fs;7;0.2;702;10000000;1;16;0;0;0;0;0.0318164
fs;7;0.2;703;10000000;1;16;0;0;0;0;0.0320356
fs;7;0.2;704;10000000;1;16;0;0;0;0;0.031704
fs;7;0.2;705;10000000;1;16;0;0;0;0;0.0318535
fs;7;0.2;706;10000000;1;16;0;0;0;0;0.0318881
fs;7;0.2;707;10000000;1;16;0;0;0;0;0.0318459
fs;7;0.2;708;10000000;1;16;0;0;0;0;0.031729
fs;7;0.2;709;10000000;1;16;0;0;0;0;0.0318815
fs;7;0.2;710;10000000;1;16;0;0;0;0;0.0317457
fs;7;0.2;711;10000000;1;16;0;0;0;0;0.0317733
fs;7;0.2;712;10000000;1;16;0;0;0;0;0.0317402
fs;7;0.2;713;10000000;1;16;0;0;0;0;0.0317861
fs;7;0.2;714;10000000;1;16;0;0;0;0;0.031858
fs;7;0.2;715;10000000;1;16;0;0;0;0;0.0316857
fs;7;0.2;716;10000000;1;16;0;0;0;0;0.0317408
fs;7;0.2;717;10000000;1;16;0;0;0;0;0.0317307
fs;7;0.2;718;10000000;1;16;0;0;0;0;0.0317688
fs;7;0.2;719;10000000;1;16;0;0;0;0;0.0317251
fs;7;0.2;720;10000000;1;16;0;0;0;0;0.0317383
fs;7;0.2;721;10000000;1;16;0;0;0;0;0.0318423
fs;7;0.2;722;10000000;1;16;0;0;0;0;0.0317
fs;7;0.2;723;10000000;1;16;0;0;0;0;0.0317553
fs;7;0.2;724;10000000;1;16;0;0;0;0;0.0319648
fs;7;0.2;725;10000000;1;16;0;0;0;0;0.031724
fs;7;0.2;726;10000000;1;16;0;0;0;0;0.0317706
fs;7;0.2;727;10000000;1;16;0;0;0;0;0.031926
fs;7;0.2;728;10000000;1;16;0;0;0;0;0.0319252
fs;7;0.2;729;10000000;1;16;0;0;0;0;0.0318025
fs;7;0.2;730;10000000;1;16;0;0;0;0;0.0317466
fs;7;0.2;731;10000000;1;16;0;0;0;0;0.0317248
fs;7;0.2;732;10000000;1;16;0;0;0;0;0.0318101
fs;7;0.2;733;10000000;1;16;0;0;0;0;0.0318026
fs;7;0.2;734;10000000;1;16;0;0;0;0;0.0317064
fs;7;0.2;735;10000000;1;16;0;0;0;0;0.031824
fs;7;0.2;736;10000000;1;16;0;0;0;0;0.0318432
fs;7;0.2;737;10000000;1;16;0;0;0;0;0.0317595
fs;7;0.2;738;10000000;1;16;0;0;0;0;0.0317908
fs;7;0.2;739;10000000;1;16;0;0;0;0;0.031905
fs;7;0.2;740;10000000;1;16;0;0;0;0;0.0318402
fs;7;0.2;741;10000000;1;16;0;0;0;0;0.0317269
fs;7;0.2;742;10000000;1;16;0;0;0;0;0.031788
fs;7;0.2;743;10000000;1;16;0;0;0;0;0.0318285
fs;7;0.2;744;10000000;1;16;0;0;0;0;0.0319028
fs;7;0.2;745;10000000;1;16;0;0;0;0;0.0317326
fs;7;0.2;746;10000000;1;16;0;0;0;0;0.0318298
fs;7;0.2;747;10000000;1;16;0;0;0;0;0.0318526
fs;7;0.2;748;10000000;1;16;0;0;0;0;0.0317647
fs;7;0.2;749;10000000;1;16;0;0;0;0;0.0316727
fs;7;0.2;750;10000000;1;16;0;0;0;0;0.031832
fs;7;0.2;751;10000000;1;16;0;0;0;0;0.031932
fs;7;0.2;752;10000000;1;16;0;0;0;0;0.031843
fs;7;0.2;753;10000000;1;16;0;0;0;0;0.0316528
fs;7;0.2;754;10000000;1;16;0;0;0;0;0.0319197
fs;7;0.2;755;10000000;1;16;0;0;0;0;0.0318671
fs;7;0.2;756;10000000;1;16;0;0;0;0;0.0318775
fs;7;0.2;757;10000000;1;16;0;0;0;0;0.0318699
fs;7;0.2;758;10000000;1;16;0;0;0;0;0.0318203
fs;7;0.2;759;10000000;1;16;0;0;0;0;0.0318825
fs;7;0.2;760;10000000;1;16;0;0;0;0;0.0319375
fs;7;0.2;761;10000000;1;16;0;0;0;0;0.0317489
fs;7;0.2;762;10000000;1;16;0;0;0;0;0.0317703
fs;7;0.2;763;10000000;1;16;0;0;0;0;0.0317126
fs;7;0.2;764;10000000;1;16;0;0;0;0;0.031864
fs;7;0.2;765;10000000;1;16;0;0;0;0;0.031868
fs;7;0.2;766;10000000;1;16;0;0;0;0;0.0317889
fs;7;0.2;767;10000000;1;16;0;0;0;0;0.0318134
fs;7;0.2;768;10000000;1;16;0;0;0;0;0.0318846
fs;7;0.2;769;10000000;1;16;0;0;0;0;0.0320111
fs;7;0.2;770;10000000;1;16;0;0;0;0;0.0317752
fs;7;0.2;771;10000000;1;16;0;0;0;0;0.0319141
fs;7;0.2;772;10000000;1;16;0;0;0;0;0.0320174
fs;7;0.2;773;10000000;1;16;0;0;0;0;0.031776
fs;7;0.2;774;10000000;1;16;0;0;0;0;0.0318424
fs;7;0.2;775;10000000;1;16;0;0;0;0;0.031842
fs;7;0.2;776;10000000;1;16;0;0;0;0;0.0317897
fs;7;0.2;777;10000000;1;16;0;0;0;0;0.031751
fs;7;0.2;778;10000000;1;16;0;0;0;0;0.0318483
fs;7;0.2;779;10000000;1;16;0;0;0;0;0.0317856
fs;7;0.2;780;10000000;1;16;0;0;0;0;0.0319422
fs;7;0.2;781;10000000;1;16;0;0;0;0;0.031923
fs;7;0.2;782;10000000;1;16;0;0;0;0;0.0318422
fs;7;0.2;783;10000000;1;16;0;0;0;0;0.0317535
fs;7;0.2;784;10000000;1;16;0;0;0;0;0.031713
fs;7;0.2;785;10000000;1;16;0;0;0;0;0.031997
fs;7;0.2;786;10000000;1;16;0;0;0;0;0.031825
fs;7;0.2;787;10000000;1;16;0;0;0;0;0.0317987
fs;7;0.2;788;10000000;1;16;0;0;0;0;0.0317585
fs;7;0.2;789;10000000;1;16;0;0;0;0;0.0319857
fs;7;0.2;790;10000000;1;16;0;0;0;0;0.0317412
fs;7;0.2;791;10000000;1;16;0;0;0;0;0.031906
fs;7;0.2;792;10000000;1;16;0;0;0;0;0.0317277
fs;7;0.2;793;10000000;1;16;0;0;0;0;0.031898
fs;7;0.2;794;10000000;1;16;0;0;0;0;0.0318646
fs;7;0.2;795;10000000;1;16;0;0;0;0;0.0317582
fs;7;0.2;796;10000000;1;16;0;0;0;0;0.0317
fs;7;0.2;797;10000000;1;16;0;0;0;0;0.0317664
fs;7;0.2;798;10000000;1;16;0;0;0;0;0.0318363
fs;7;0.2;799;10000000;1;16;0;0;0;0;0.0317005
fs;7;0.2;800;10000000;1;16;0;0;0;0;0.0317644
fs;7;0.2;801;10000000;1;16;0;0;0;0;0.0318613
fs;7;0.2;802;10000000;1;16;0;0;0;0;0.0317146
fs;7;0.2;803;10000000;1;16;0;0;0;0;0.0317477
fs;7;0.2;804;10000000;1;16;0;0;0;0;0.0317019
fs;7;0.2;805;10000000;1;16;0;0;0;0;0.0319978
fs;7;0.2;806;10000000;1;16;0;0;0;0;0.0318183
fs;7;0.2;807;10000000;1;16;0;0;0;0;0.0318608
fs;7;0.2;808;10000000;1;16;0;0;0;0;0.0320646
fs;7;0.2;809;10000000;1;16;0;0;0;0;0.0318236
fs;7;0.2;810;10000000;1;16;0;0;0;0;0.0317639
fs;7;0.2;811;10000000;1;16;0;0;0;0;0.0318401
fs;7;0.2;812;10000000;1;16;0;0;0;0;0.0316726
fs;7;0.2;813;10000000;1;16;0;0;0;0;0.0317884
fs;7;0.2;814;10000000;1;16;0;0;0;0;0.0319007
fs;7;0.2;815;10000000;1;16;0;0;0;0;0.0320188
fs;7;0.2;816;10000000;1;16;0;0;0;0;0.0317261
fs;7;0.2;817;10000000;1;16;0;0;0;0;0.0318018
fs;7;0.2;818;10000000;1;16;0;0;0;0;0.031865
fs;7;0.2;819;10000000;1;16;0;0;0;0;0.0318498
fs;7;0.2;820;10000000;1;16;0;0;0;0;0.0318842
fs;7;0.2;821;10000000;1;16;0;0;0;0;0.0317314
fs;7;0.2;822;10000000;1;16;0;0;0;0;0.0319987
fs;7;0.2;823;10000000;1;16;0;0;0;0;0.0317791
fs;7;0.2;824;10000000;1;16;0;0;0;0;0.0318433
fs;7;0.2;825;10000000;1;16;0;0;0;0;0.0317896
fs;7;0.2;826;10000000;1;16;0;0;0;0;0.0318415
fs;7;0.2;827;10000000;1;16;0;0;0;0;0.0317186
fs;7;0.2;828;10000000;1;16;0;0;0;0;0.0318301
fs;7;0.2;829;10000000;1;16;0;0;0;0;0.0317764
fs;7;0.2;830;10000000;1;16;0;0;0;0;0.0317463
fs;7;0.2;831;10000000;1;16;0;0;0;0;0.0317564
fs;7;0.2;832;10000000;1;16;0;0;0;0;0.0319969
fs;7;0.2;833;10000000;1;16;0;0;0;0;0.0316546
fs;7;0.2;834;10000000;1;16;0;0;0;0;0.0318525
fs;7;0.2;835;10000000;1;16;0;0;0;0;0.0318313
fs;7;0.2;836;10000000;1;16;0;0;0;0;0.0317268
fs;7;0.2;837;10000000;1;16;0;0;0;0;0.0317548
fs;7;0.2;838;10000000;1;16;0;0;0;0;0.0317428
fs;7;0.2;839;10000000;1;16;0;0;0;0;0.0317942
fs;7;0.2;840;10000000;1;16;0;0;0;0;0.0317345
fs;7;0.2;841;10000000;1;16;0;0;0;0;0.0317651
fs;7;0.2;842;10000000;1;16;0;0;0;0;0.0318885
fs;7;0.2;843;10000000;1;16;0;0;0;0;0.0316967
fs;7;0.2;844;10000000;1;16;0;0;0;0;0.0318234
fs;7;0.2;845;10000000;1;16;0;0;0;0;0.0317155
fs;7;0.2;846;10000000;1;16;0;0;0;0;0.0317261
fs;7;0.2;847;10000000;1;16;0;0;0;0;0.0317406
fs;7;0.2;848;10000000;1;16;0;0;0;0;0.0317221
fs;7;0.2;849;10000000;1;16;0;0;0;0;0.0317674
fs;7;0.2;850;10000000;1;16;0;0;0;0;0.0318806
fs;7;0.2;851;10000000;1;16;0;0;0;0;0.0317062
fs;7;0.2;852;10000000;1;16;0;0;0;0;0.0317017
fs;7;0.2;853;10000000;1;16;0;0;0;0;0.0318872
fs;7;0.2;854;10000000;1;16;0;0;0;0;0.03183
fs;7;0.2;855;10000000;1;16;0;0;0;0;0.0317028
fs;7;0.2;856;10000000;1;16;0;0;0;0;0.0318115
fs;7;0.2;857;10000000;1;16;0;0;0;0;0.0317814
fs;7;0.2;858;10000000;1;16;0;0;0;0;0.0316864
fs;7;0.2;859;10000000;1;16;0;0;0;0;0.0317593
fs;7;0.2;860;10000000;1;16;0;0;0;0;0.0316808
fs;7;0.2;861;10000000;1;16;0;0;0;0;0.0318476
fs;7;0.2;862;10000000;1;16;0;0;0;0;0.0316653
fs;7;0.2;863;10000000;1;16;0;0;0;0;0.0318
fs;7;0.2;864;10000000;1;16;0;0;0;0;0.0317096
fs;7;0.2;865;10000000;1;16;0;0;0;0;0.0318052
fs;7;0.2;866;10000000;1;16;0;0;0;0;0.0317614
fs;7;0.2;867;10000000;1;16;0;0;0;0;0.0316905
fs;7;0.2;868;10000000;1;16;0;0;0;0;0.0317327
fs;7;0.2;869;10000000;1;16;0;0;0;0;0.0317415
fs;7;0.2;870;10000000;1;16;0;0;0;0;0.0316347
fs;7;0.2;871;10000000;1;16;0;0;0;0;0.0317467
fs;7;0.2;872;10000000;1;16;0;0;0;0;0.0317513
fs;7;0.2;873;10000000;1;16;0;0;0;0;0.0318549
fs;7;0.2;874;10000000;1;16;0;0;0;0;0.0317115
fs;7;0.2;875;10000000;1;16;0;0;0;0;0.0317288
fs;7;0.2;876;10000000;1;16;0;0;0;0;0.031924
fs;7;0.2;877;10000000;1;16;0;0;0;0;0.0318431
fs;7;0.2;878;10000000;1;16;0;0;0;0;0.0317182
fs;7;0.2;879;10000000;1;16;0;0;0;0;0.0318717
fs;7;0.2;880;10000000;1;16;0;0;0;0;0.0317224
fs;7;0.2;881;10000000;1;16;0;0;0;0;0.031793
fs;7;0.2;882;10000000;1;16;0;0;0;0;0.0317908
fs;7;0.2;883;10000000;1;16;0;0;0;0;0.0317472
fs;7;0.2;884;10000000;1;16;0;0;0;0;0.031892
fs;7;0.2;885;10000000;1;16;0;0;0;0;0.0389482
fs;7;0.2;886;10000000;1;16;0;0;0;0;0.0317525
fs;7;0.2;887;10000000;1;16;0;0;0;0;0.0319287
fs;7;0.2;888;10000000;1;16;0;0;0;0;0.0316498
fs;7;0.2;889;10000000;1;16;0;0;0;0;0.0316871
fs;7;0.2;890;10000000;1;16;0;0;0;0;0.0317616
fs;7;0.2;891;10000000;1;16;0;0;0;0;0.0317693
fs;7;0.2;892;10000000;1;16;0;0;0;0;0.0318671
fs;7;0.2;893;10000000;1;16;0;0;0;0;0.0317512
fs;7;0.2;894;10000000;1;16;0;0;0;0;0.0318555
fs;7;0.2;895;10000000;1;16;0;0;0;0;0.0316805
fs;7;0.2;896;10000000;1;16;0;0;0;0;0.031629
fs;7;0.2;897;10000000;1;16;0;0;0;0;0.0319274
fs;7;0.2;898;10000000;1;16;0;0;0;0;0.0316634
fs;7;0.2;899;10000000;1;16;0;0;0;0;0.0318684
fs;7;0.2;900;10000000;1;16;0;0;0;0;0.0316995
fs;7;0.2;901;10000000;1;16;0;0;0;0;0.0316498
fs;7;0.2;902;10000000;1;16;0;0;0;0;0.0316574
fs;7;0.2;903;10000000;1;16;0;0;0;0;0.0316857
fs;7;0.2;904;10000000;1;16;0;0;0;0;0.0319137
fs;7;0.2;905;10000000;1;16;0;0;0;0;0.0317183
fs;7;0.2;906;10000000;1;16;0;0;0;0;0.0316514
fs;7;0.2;907;10000000;1;16;0;0;0;0;0.0317911
fs;7;0.2;908;10000000;1;16;0;0;0;0;0.031687
fs;7;0.2;909;10000000;1;16;0;0;0;0;0.0316847
fs;7;0.2;910;10000000;1;16;0;0;0;0;0.0317038
fs;7;0.2;911;10000000;1;16;0;0;0;0;0.0316576
fs;7;0.2;912;10000000;1;16;0;0;0;0;0.0316782
fs;7;0.2;913;10000000;1;16;0;0;0;0;0.0317183
fs;7;0.2;914;10000000;1;16;0;0;0;0;0.0317395
fs;7;0.2;915;10000000;1;16;0;0;0;0;0.0316403
fs;7;0.2;916;10000000;1;16;0;0;0;0;0.0317085
fs;7;0.2;917;10000000;1;16;0;0;0;0;0.0317393
fs;7;0.2;918;10000000;1;16;0;0;0;0;0.0317942
fs;7;0.2;919;10000000;1;16;0;0;0;0;0.031789
fs;7;0.2;920;10000000;1;16;0;0;0;0;0.0317302
fs;7;0.2;921;10000000;1;16;0;0;0;0;0.0317331
fs;7;0.2;922;10000000;1;16;0;0;0;0;0.0317874
fs;7;0.2;923;10000000;1;16;0;0;0;0;0.0318504
fs;7;0.2;924;10000000;1;16;0;0;0;0;0.0316188
fs;7;0.2;925;10000000;1;16;0;0;0;0;0.0316862
fs;7;0.2;926;10000000;1;16;0;0;0;0;0.0317424
fs;7;0.2;927;10000000;1;16;0;0;0;0;0.0316746
fs;7;0.2;928;10000000;1;16;0;0;0;0;0.0319079
fs;7;0.2;929;10000000;1;16;0;0;0;0;0.0318746
fs;7;0.2;930;10000000;1;16;0;0;0;0;0.0317708
fs;7;0.2;931;10000000;1;16;0;0;0;0;0.031655
fs;7;0.2;932;10000000;1;16;0;0;0;0;0.0316509
fs;7;0.2;933;10000000;1;16;0;0;0;0;0.0317451
fs;7;0.2;934;10000000;1;16;0;0;0;0;0.0317497
fs;7;0.2;935;10000000;1;16;0;0;0;0;0.0317666
fs;7;0.2;936;10000000;1;16;0;0;0;0;0.0318784
fs;7;0.2;937;10000000;1;16;0;0;0;0;0.0316678
fs;7;0.2;938;10000000;1;16;0;0;0;0;0.0316533
fs;7;0.2;939;10000000;1;16;0;0;0;0;0.0317597
fs;7;0.2;940;10000000;1;16;0;0;0;0;0.0316085
fs;7;0.2;941;10000000;1;16;0;0;0;0;0.0317477
fs;7;0.2;942;10000000;1;16;0;0;0;0;0.031719
fs;7;0.2;943;10000000;1;16;0;0;0;0;0.0316102
fs;7;0.2;944;10000000;1;16;0;0;0;0;0.031732
fs;7;0.2;945;10000000;1;16;0;0;0;0;0.0317792
fs;7;0.2;946;10000000;1;16;0;0;0;0;0.0317934
fs;7;0.2;947;10000000;1;16;0;0;0;0;0.0315983
fs;7;0.2;948;10000000;1;16;0;0;0;0;0.0317311
fs;7;0.2;949;10000000;1;16;0;0;0;0;0.0317503
fs;7;0.2;950;10000000;1;16;0;0;0;0;0.0316793
fs;7;0.2;951;10000000;1;16;0;0;0;0;0.0317327
fs;7;0.2;952;10000000;1;16;0;0;0;0;0.0316254
fs;7;0.2;953;10000000;1;16;0;0;0;0;0.0318187
fs;7;0.2;954;10000000;1;16;0;0;0;0;0.0317183
fs;7;0.2;955;10000000;1;16;0;0;0;0;0.0316636
fs;7;0.2;956;10000000;1;16;0;0;0;0;0.0317759
fs;7;0.2;957;10000000;1;16;0;0;0;0;0.0317376
fs;7;0.2;958;10000000;1;16;0;0;0;0;0.0316426
fs;7;0.2;959;10000000;1;16;0;0;0;0;0.0316261
fs;7;0.2;960;10000000;1;16;0;0;0;0;0.0316389
fs;7;0.2;961;10000000;1;16;0;0;0;0;0.031751
fs;7;0.2;962;10000000;1;16;0;0;0;0;0.0318177
fs;7;0.2;963;10000000;1;16;0;0;0;0;0.0316905
fs;7;0.2;964;10000000;1;16;0;0;0;0;0.0319499
fs;7;0.2;965;10000000;1;16;0;0;0;0;0.0318327
fs;7;0.2;966;10000000;1;16;0;0;0;0;0.03177
fs;7;0.2;967;10000000;1;16;0;0;0;0;0.0317365
fs;7;0.2;968;10000000;1;16;0;0;0;0;0.0316984
fs;7;0.2;969;10000000;1;16;0;0;0;0;0.0316713
fs;7;0.2;970;10000000;1;16;0;0;0;0;0.031739
fs;7;0.2;971;10000000;1;16;0;0;0;0;0.0317681
fs;7;0.2;972;10000000;1;16;0;0;0;0;0.0319395
fs;7;0.2;973;10000000;1;16;0;0;0;0;0.0317696
fs;7;0.2;974;10000000;1;16;0;0;0;0;0.031641
fs;7;0.2;975;10000000;1;16;0;0;0;0;0.0318255
fs;7;0.2;976;10000000;1;16;0;0;0;0;0.0316942
fs;7;0.2;977;10000000;1;16;0;0;0;0;0.0316771
fs;7;0.2;978;10000000;1;16;0;0;0;0;0.0318051
fs;7;0.2;979;10000000;1;16;0;0;0;0;0.0316353
fs;7;0.2;980;10000000;1;16;0;0;0;0;0.0317814
fs;7;0.2;981;10000000;1;16;0;0;0;0;0.0316709
fs;7;0.2;982;10000000;1;16;0;0;0;0;0.0316715
fs;7;0.2;983;10000000;1;16;0;0;0;0;0.031719
fs;7;0.2;984;10000000;1;16;0;0;0;0;0.0316606
fs;7;0.2;985;10000000;1;16;0;0;0;0;0.0317896
fs;7;0.2;986;10000000;1;16;0;0;0;0;0.0317086
fs;7;0.2;987;10000000;1;16;0;0;0;0;0.0315817
fs;7;0.2;988;10000000;1;16;0;0;0;0;0.0317147
fs;7;0.2;989;10000000;1;16;0;0;0;0;0.0316439
fs;7;0.2;990;10000000;1;16;0;0;0;0;0.0317247
fs;7;0.2;991;10000000;1;16;0;0;0;0;0.0318434
fs;7;0.2;992;10000000;1;16;0;0;0;0;0.0316803
fs;7;0.2;993;10000000;1;16;0;0;0;0;0.031611
fs;7;0.2;994;10000000;1;16;0;0;0;0;0.0316982
fs;7;0.2;995;10000000;1;16;0;0;0;0;0.0319203
fs;7;0.2;996;10000000;1;16;0;0;0;0;0.0316997
fs;7;0.2;997;10000000;1;16;0;0;0;0;0.0316982
fs;7;0.2;998;10000000;1;16;0;0;0;0;0.0316294
fs;7;0.2;999;10000000;1;16;0;0;0;0;0.0316756
